lh.aparc.thickness	lh_bankssts_thickness	lh_caudalanteriorcingulate_thickness	lh_caudalmiddlefrontal_thickness	lh_cuneus_thickness	lh_entorhinal_thickness	lh_fusiform_thickness	lh_inferiorparietal_thickness	lh_inferiortemporal_thickness	lh_isthmuscingulate_thickness	lh_lateraloccipital_thickness	lh_lateralorbitofrontal_thickness	lh_lingual_thickness	lh_medialorbitofrontal_thickness	lh_middletemporal_thickness	lh_parahippocampal_thickness	lh_paracentral_thickness	lh_parsopercularis_thickness	lh_parsorbitalis_thickness	lh_parstriangularis_thickness	lh_pericalcarine_thickness	lh_postcentral_thickness	lh_posteriorcingulate_thickness	lh_precentral_thickness	lh_precuneus_thickness	lh_rostralanteriorcingulate_thickness	lh_rostralmiddlefrontal_thickness	lh_superiorfrontal_thickness	lh_superiorparietal_thickness	lh_superiortemporal_thickness	lh_supramarginal_thickness	lh_frontalpole_thickness	lh_temporalpole_thickness	lh_transversetemporal_thickness	lh_insula_thickness	lh_MeanThickness_thickness
sub-002	2.609	2.775	2.563	1.843	3.311	2.702	2.589	2.7	2.297	2.107	3.12	2.022	2.552	2.568	2.895	2.354	2.737	2.919	2.624	1.515	1.955	2.497	2.598	2.526	3.305	2.467	2.761	2.329	2.868	2.607	3.113	3.683	2.134	3.104	2.54342
sub-008	2.582	2.954	2.589	1.658	3.01	2.647	2.606	2.614	2.242	2.115	2.875	1.905	2.628	2.895	2.735	2.454	2.559	2.654	2.422	1.397	2.052	2.638	2.706	2.55	3.096	2.299	2.852	2.279	2.881	2.688	3.062	3.74	2.317	3.106	2.51584
sub-013	2.531	2.693	2.726	1.88	3.03	2.762	2.456	2.524	2.696	2.095	2.914	2.11	2.622	2.866	3.185	2.445	2.692	2.893	2.745	1.497	2.08	2.536	2.792	2.561	3.084	2.513	2.789	2.248	2.77	2.551	3.041	3.047	2.499	3.322	2.5624
sub-021	2.475	2.381	2.633	1.995	3.049	2.485	2.532	2.523	2.286	2.271	2.836	2.061	2.594	2.932	2.618	2.589	2.672	2.613	2.41	1.747	2.022	2.428	2.689	2.551	2.99	2.249	2.82	2.397	2.756	2.632	2.579	3.804	2.56	3.012	2.52359
sub-022	2.764	2.486	2.578	2.091	2.899	2.637	2.596	2.697	2.32	2.178	3.05	2.126	2.699	3.121	2.846	2.417	2.674	2.949	2.512	1.522	2.134	2.426	2.575	2.429	3.025	2.462	2.717	2.181	2.918	2.768	3.174	3.707	2.431	3.216	2.55521
sub-023	2.464	2.17	2.557	2.019	3.45	2.573	2.367	2.653	2.368	2.131	2.88	2.09	2.405	2.76	2.3	2.214	2.711	2.633	2.334	1.676	1.878	2.514	2.546	2.342	2.772	2.323	2.652	2.076	2.659	2.429	2.757	3.261	1.925	3.07	2.40567
sub-030	2.559	2.31	2.734	1.977	3.953	2.766	2.608	2.637	2.148	2.14	2.871	2.203	2.504	3.012	2.833	2.361	2.759	2.957	2.525	1.67	2.111	2.232	2.707	2.451	2.571	2.469	2.755	2.173	2.983	2.738	2.87	3.527	2.506	3.265	2.55241
sub-033	2.609	2.359	2.438	1.788	3.207	2.579	2.453	2.686	2.298	2.047	2.724	2.0	2.121	2.938	2.755	2.234	2.552	2.742	2.437	1.676	2.02	2.253	2.619	2.348	2.677	2.26	2.567	2.179	2.718	2.65	2.387	3.21	2.189	3.001	2.43437
sub-035	2.501	2.304	2.677	1.674	3.445	2.529	2.434	2.987	2.107	2.039	2.835	2.015	2.644	3.114	2.398	2.345	2.795	2.759	2.617	1.61	1.953	2.328	2.741	2.331	2.687	2.369	2.74	2.1	2.844	2.627	2.728	3.445	2.406	3.056	2.49542
sub-036	2.58	2.564	2.584	1.906	3.681	2.788	2.457	2.804	2.524	2.03	2.917	1.895	2.632	2.978	2.553	2.383	2.797	2.944	2.583	1.651	2.021	2.26	2.47	2.363	2.891	2.464	2.817	2.193	2.883	2.696	2.686	4.058	2.423	3.308	2.52248
sub-042	2.554	2.333	2.42	2.011	3.047	2.605	2.515	2.527	2.214	2.147	2.864	2.013	2.594	2.686	3.005	2.29	2.653	2.416	2.648	1.618	1.905	2.393	2.729	2.515	2.985	2.298	2.615	2.164	2.765	2.62	2.317	3.549	2.497	3.209	2.46939
sub-039	2.595	2.199	2.588	1.983	3.172	2.612	2.588	2.798	2.508	2.027	2.8	2.228	2.497	2.948	2.871	2.287	2.541	2.635	2.515	1.675	2.162	2.483	2.637	2.448	2.477	2.391	2.634	2.213	2.939	2.694	2.665	3.087	2.472	3.159	2.53239
sub-037	2.555	2.492	2.598	1.798	3.335	2.697	2.442	2.62	2.425	2.012	2.871	2.016	2.53	2.933	2.518	2.572	2.669	3.059	2.561	1.493	1.96	2.487	2.639	2.454	2.647	2.412	2.861	2.254	2.923	2.604	3.064	3.385	1.989	3.024	2.49525
sub-043	2.513	2.302	2.543	1.803	3.706	2.739	2.453	2.892	2.252	2.034	2.738	2.076	2.687	3.052	2.982	2.341	2.695	2.819	2.614	1.506	1.91	2.299	2.595	2.542	2.622	2.434	2.835	2.069	2.87	2.593	2.749	3.259	2.563	3.141	2.51389
sub-045	2.555	2.414	2.586	1.736	3.059	2.797	2.445	2.746	2.232	2.236	2.919	2.117	2.661	2.854	3.112	2.415	2.739	3.019	2.527	1.592	2.111	2.32	2.688	2.476	3.183	2.487	2.817	2.168	2.737	2.5	3.114	3.813	2.549	3.189	2.55064
sub-040	2.527	2.224	2.476	1.796	3.317	2.812	2.387	2.827	2.406	2.113	2.755	2.046	2.375	2.951	2.945	2.296	2.492	2.878	2.466	1.612	2.15	2.19	2.566	2.359	2.704	2.455	2.723	2.171	2.928	2.714	2.388	3.798	2.504	2.992	2.50409
sub-046	2.569	2.341	2.82	1.84	3.778	2.839	2.617	2.748	2.412	2.156	2.964	2.04	2.407	3.103	3.11	2.529	2.694	2.787	2.695	1.625	2.257	2.531	2.795	2.559	3.053	2.472	2.928	2.199	2.915	2.788	2.81	3.73	2.36	3.263	2.61829
sub-047	2.639	2.414	2.452	1.776	3.521	2.912	2.529	2.583	2.237	2.179	2.725	2.082	2.22	2.919	2.976	2.198	2.67	2.644	2.445	1.604	2.086	2.318	2.621	2.354	2.564	2.206	2.465	2.019	2.913	2.614	2.666	3.904	2.413	3.039	2.45407
sub-049	2.522	2.446	2.409	1.889	3.008	2.732	2.449	2.628	2.34	2.063	2.824	2.068	2.393	2.715	2.419	2.326	2.708	2.931	2.661	1.654	2.156	2.433	2.731	2.436	2.729	2.388	2.775	2.155	2.989	2.715	2.842	3.898	2.424	3.314	2.52454
sub-044	2.717	2.318	2.747	1.808	3.317	2.593	2.512	2.869	2.305	2.188	2.77	2.178	2.529	2.968	2.573	2.448	2.684	2.847	2.575	1.652	2.081	2.641	2.792	2.471	2.714	2.468	2.92	2.317	2.865	2.629	2.389	3.763	2.577	3.295	2.59046
sub-048	2.612	2.437	2.457	1.856	3.265	2.589	2.507	2.56	2.238	2.062	2.673	2.116	2.575	2.679	2.807	2.284	2.399	2.525	2.421	1.636	2.052	2.342	2.477	2.446	2.597	2.254	2.558	2.186	2.696	2.549	2.529	2.906	2.445	3.109	2.41619
sub-055	2.485	2.205	2.418	1.887	3.513	2.701	2.427	2.601	2.394	1.915	2.695	2.047	2.53	2.874	2.683	2.385	2.721	2.576	2.482	1.573	2.253	2.334	2.548	2.346	2.967	2.374	2.611	2.196	2.93	2.57	2.442	3.665	2.519	3.108	2.46009
sub-057	2.566	2.011	2.673	1.972	3.961	2.64	2.446	2.637	2.301	2.138	2.69	2.046	2.705	2.885	2.694	2.403	2.721	2.774	2.503	1.741	2.209	2.522	2.623	2.557	2.77	2.462	2.692	2.329	2.743	2.545	2.782	3.46	2.456	3.146	2.52794
sub-056	2.718	2.641	2.561	1.86	3.455	2.76	2.481	2.684	2.384	2.167	2.913	2.102	2.395	2.977	2.676	2.458	2.951	3.093	2.676	1.695	2.02	2.443	2.796	2.442	2.805	2.524	2.838	2.201	2.907	2.755	2.78	3.904	2.673	3.164	2.57947
sub-058	2.51	2.641	2.331	2.06	3.37	2.517	2.378	2.442	2.301	1.934	2.732	1.951	2.664	2.754	2.3	2.208	2.678	2.803	2.571	1.611	2.257	2.403	2.002	2.157	3.064	2.355	2.513	2.02	2.799	2.518	2.632	3.17	2.46	3.078	2.39787
sub-072	2.424	2.653	2.531	1.922	3.138	2.596	2.373	2.627	2.661	1.949	2.845	1.735	2.605	2.664	2.227	2.399	2.582	2.961	2.444	1.484	1.98	2.336	2.533	2.38	2.762	2.43	2.817	2.163	2.74	2.612	3.046	3.32	2.305	3.083	2.44124
sub-059	2.508	2.509	2.6	1.831	3.456	2.978	2.468	2.663	2.672	2.193	3.008	2.177	2.565	2.886	2.874	2.329	2.654	3.07	2.645	1.502	1.998	2.468	2.828	2.48	2.836	2.415	2.69	2.24	2.904	2.656	2.885	3.813	2.288	3.204	2.5532
sub-060	2.853	2.536	2.61	1.902	3.258	2.752	2.486	2.623	2.308	2.261	2.842	2.13	2.455	2.808	2.815	2.395	2.557	2.704	2.707	1.776	2.151	2.344	2.563	2.411	2.864	2.463	2.691	2.232	2.899	2.687	2.91	3.39	2.452	3.008	2.52971
sub-061	2.775	2.369	2.702	1.76	2.94	2.786	2.665	2.926	2.38	2.207	2.898	2.081	2.738	2.923	2.845	2.32	2.724	2.616	2.655	1.663	2.069	2.454	2.691	2.632	2.533	2.445	2.805	2.419	2.959	2.695	2.63	3.665	2.553	3.191	2.59658
sub-066	2.413	2.605	2.544	1.788	2.816	2.713	2.387	2.658	2.624	1.977	2.871	2.079	2.63	2.779	2.677	2.197	2.6	2.935	2.59	1.575	1.937	2.519	2.535	2.341	2.777	2.441	2.606	2.179	2.789	2.516	2.726	3.45	2.446	3.248	2.46107
sub-062	2.661	2.549	2.558	1.786	3.396	2.593	2.411	2.624	2.326	1.843	2.829	2.027	2.38	2.921	2.499	2.331	2.567	2.689	2.473	1.449	2.065	2.427	2.673	2.275	2.688	2.31	2.735	2.108	2.913	2.568	2.455	3.733	2.745	3.236	2.47942
sub-063	2.62	2.282	2.575	1.845	3.037	2.786	2.594	2.695	2.264	2.215	2.821	2.064	2.742	2.821	2.723	2.307	2.628	3.183	2.442	1.344	1.951	2.374	2.546	2.512	2.743	2.293	2.762	2.312	2.926	2.613	2.44	3.357	2.367	3.294	2.4971
sub-068	2.473	2.356	2.547	1.794	3.112	2.547	2.599	2.668	2.55	1.964	2.706	2.053	2.867	2.825	2.511	2.412	2.743	2.648	2.529	1.542	2.042	2.643	2.721	2.464	2.819	2.188	2.595	2.281	2.987	2.698	2.256	4.029	2.624	3.252	2.49475
sub-067	2.6	2.702	2.484	1.935	2.793	2.685	2.535	2.783	2.403	2.115	3.01	2.144	2.809	2.793	2.885	2.434	2.762	3.078	2.698	1.522	2.016	2.363	2.621	2.501	2.921	2.49	2.652	2.241	3.088	2.672	3.271	3.826	2.315	3.125	2.5579
sub-069	2.73	2.676	2.61	1.996	3.034	2.806	2.759	2.68	2.551	2.246	2.903	2.243	2.556	2.914	2.587	2.381	2.759	2.801	2.571	1.585	2.246	2.552	2.691	2.638	2.824	2.403	2.831	2.523	3.065	2.722	2.985	2.892	2.497	3.245	2.62706
sub-070	2.649	2.514	2.783	1.874	3.474	2.669	2.561	2.753	2.476	2.146	2.787	2.124	2.586	2.789	2.869	2.421	2.701	2.769	2.494	1.561	2.262	2.52	2.777	2.371	2.843	2.333	2.834	2.214	2.853	2.631	2.771	3.864	2.971	3.26	2.55553
sub-071	2.5	2.252	2.378	1.716	3.12	2.615	2.365	2.518	2.583	1.927	2.858	1.969	2.482	2.763	2.637	2.297	2.739	2.528	2.412	1.337	1.945	2.367	2.618	2.408	2.988	2.292	2.637	2.122	2.669	2.363	2.653	3.697	2.251	3.171	2.40317
sub-065	2.502	2.277	2.67	1.857	2.61	2.379	2.514	2.642	2.373	2.264	2.669	2.118	2.581	2.737	2.075	2.236	2.873	2.508	2.515	1.576	2.044	2.707	2.548	2.383	2.432	2.518	2.698	2.29	2.723	2.583	2.779	3.626	2.289	3.218	2.49091
sub-073	2.605	2.386	2.607	1.743	3.763	2.811	2.666	2.84	2.312	2.299	2.896	2.057	2.807	2.934	3.2	2.198	2.504	2.852	2.556	1.637	2.063	2.514	2.581	2.337	2.929	2.427	2.668	2.172	3.065	2.746	2.649	3.451	2.553	3.382	2.57006
sub-074	3.028	2.257	2.747	1.991	3.065	2.972	2.719	2.743	2.644	2.227	3.072	2.255	2.773	3.041	3.092	2.385	2.807	3.141	2.859	1.569	2.396	2.371	2.742	2.642	2.912	2.569	2.749	2.411	3.118	2.722	2.405	3.949	2.992	3.309	2.67453
sub-075	2.37	2.485	2.652	1.997	2.796	2.716	2.653	2.636	2.384	2.275	2.976	2.241	2.901	2.612	2.809	2.544	2.699	2.878	2.698	1.691	2.234	2.394	2.589	2.541	2.826	2.435	2.924	2.372	2.789	2.839	2.816	3.709	2.372	3.073	2.58852
sub-076	2.672	2.4	2.509	1.79	3.447	2.562	2.466	2.527	2.42	2.077	2.862	2.006	2.651	2.67	2.892	2.192	2.544	2.731	2.422	1.81	2.061	2.31	2.557	2.416	2.906	2.314	2.616	2.186	2.94	2.686	2.935	3.239	2.556	3.119	2.47815
sub-077	2.62	2.347	2.634	1.891	3.465	2.645	2.426	2.643	2.14	2.065	2.987	2.009	2.589	2.974	2.727	2.172	2.642	3.149	2.681	1.55	2.059	2.364	2.612	2.411	3.128	2.379	2.758	2.18	2.674	2.546	3.146	3.949	2.413	3.211	2.50439
sub-079	2.431	2.455	2.345	1.789	3.319	2.641	2.549	2.67	2.268	2.076	2.742	2.024	2.462	2.959	3.042	2.193	2.476	2.534	2.452	1.714	1.959	2.256	2.577	2.403	3.051	2.338	2.639	2.15	2.94	2.559	2.701	3.68	2.495	3.161	2.4688
sub-080	2.564	2.586	2.628	2.0	3.429	2.84	2.544	2.769	2.271	2.154	2.924	2.247	2.84	2.923	2.912	2.087	2.455	2.911	2.44	1.723	2.087	2.432	2.568	2.359	3.475	2.349	2.803	2.256	2.94	2.632	2.653	3.296	2.617	3.155	2.5559
sub-084	2.441	2.476	2.504	1.835	2.84	2.542	2.529	2.542	2.226	2.021	2.701	1.967	2.417	2.919	2.62	2.271	2.573	2.725	2.404	1.621	2.143	2.269	2.577	2.321	2.571	2.316	2.565	2.143	2.792	2.586	2.51	3.508	2.521	3.077	2.42054
sub-085	2.517	2.215	2.549	1.773	4.177	2.801	2.515	2.996	2.183	2.175	2.91	2.04	2.428	2.991	2.798	2.276	2.663	2.788	2.52	1.621	2.053	2.306	2.61	2.256	2.92	2.341	2.645	2.194	2.942	2.637	2.333	3.657	2.399	3.107	2.49959
sub-087	2.598	2.258	2.544	1.761	2.922	2.607	2.412	2.488	2.372	2.042	2.726	2.114	2.27	2.738	2.098	2.15	2.622	2.675	2.591	1.647	1.882	2.487	2.512	2.326	2.702	2.326	2.65	2.077	2.842	2.445	3.118	3.222	2.381	3.02	2.41446
sub-089	2.453	2.808	2.475	1.768	3.699	2.484	2.61	2.862	2.473	2.183	2.889	2.043	2.474	2.778	2.651	2.321	2.597	2.754	2.565	1.619	2.135	2.41	2.691	2.435	2.612	2.243	2.762	2.237	2.668	2.65	2.979	3.425	2.188	3.196	2.49661
sub-091	2.737	2.438	2.772	1.959	3.303	2.576	2.674	2.954	2.446	2.183	2.855	2.157	2.445	3.093	2.788	2.488	2.769	2.86	2.549	1.634	2.201	2.379	2.778	2.474	2.605	2.218	2.574	2.406	2.942	2.885	2.458	3.768	2.966	3.225	2.57453
