rh.aparc.thickness	rh_bankssts_thickness	rh_caudalanteriorcingulate_thickness	rh_caudalmiddlefrontal_thickness	rh_cuneus_thickness	rh_entorhinal_thickness	rh_fusiform_thickness	rh_inferiorparietal_thickness	rh_inferiortemporal_thickness	rh_isthmuscingulate_thickness	rh_lateraloccipital_thickness	rh_lateralorbitofrontal_thickness	rh_lingual_thickness	rh_medialorbitofrontal_thickness	rh_middletemporal_thickness	rh_parahippocampal_thickness	rh_paracentral_thickness	rh_parsopercularis_thickness	rh_parsorbitalis_thickness	rh_parstriangularis_thickness	rh_pericalcarine_thickness	rh_postcentral_thickness	rh_posteriorcingulate_thickness	rh_precentral_thickness	rh_precuneus_thickness	rh_rostralanteriorcingulate_thickness	rh_rostralmiddlefrontal_thickness	rh_superiorfrontal_thickness	rh_superiorparietal_thickness	rh_superiortemporal_thickness	rh_supramarginal_thickness	rh_frontalpole_thickness	rh_temporalpole_thickness	rh_transversetemporal_thickness	rh_insula_thickness	rh_MeanThickness_thickness
sub-002	2.633	2.185	2.423	1.716	3.684	2.801	2.626	3.02	2.249	2.165	2.68	1.973	2.337	2.933	2.805	2.498	2.658	2.599	2.675	1.372	2.031	2.576	2.514	2.513	2.662	2.293	2.597	2.177	2.897	2.586	2.561	4.187	2.277	3.333	2.51794
sub-008	2.611	2.567	2.405	1.777	3.528	2.672	2.474	2.712	2.392	2.142	2.697	1.846	2.434	2.89	2.829	2.392	2.535	2.863	2.498	1.323	1.96	2.512	2.524	2.539	2.679	2.233	2.635	2.243	2.719	2.602	3.026	4.111	2.46	3.096	2.44484
sub-013	2.773	2.344	2.598	1.795	3.791	2.85	2.656	2.847	2.622	2.115	2.814	2.054	2.264	2.849	2.844	2.502	2.701	3.004	2.406	1.463	2.055	2.419	2.638	2.427	2.511	2.184	2.704	2.243	2.851	2.705	3.017	3.929	2.586	3.152	2.514
sub-021	2.54	2.185	2.663	1.969	3.565	2.733	2.657	2.795	2.14	2.291	2.541	2.158	2.151	3.029	2.579	2.372	2.853	2.426	2.594	1.669	2.533	2.337	1.967	2.666	2.676	2.306	2.757	2.391	2.748	2.68	2.889	4.076	2.546	3.236	2.53788
sub-022	2.636	2.377	2.533	1.832	3.649	2.766	2.589	2.688	2.126	2.193	2.693	2.071	2.21	2.976	2.927	2.419	2.836	2.836	2.538	1.452	2.12	2.493	2.546	2.448	2.645	2.218	2.623	2.256	2.951	2.654	2.799	4.238	2.868	3.13	2.50462
sub-023	2.442	2.223	2.428	1.946	3.139	2.646	2.433	2.711	2.264	2.066	2.642	1.988	2.465	2.759	2.449	2.08	2.657	2.516	2.263	1.776	2.223	2.468	1.926	2.464	2.657	2.351	2.56	2.016	2.724	2.417	2.628	3.37	2.367	3.064	2.38117
sub-030	2.79	2.034	2.614	2.184	4.023	2.856	2.583	2.762	2.225	2.196	2.655	2.271	2.455	3.034	2.98	2.383	2.59	2.891	2.544	1.641	2.175	2.401	2.633	2.5	2.546	2.344	2.693	2.283	3.065	2.823	2.546	3.765	2.748	3.293	2.56465
sub-033	2.64	2.161	2.442	1.803	3.491	2.666	2.405	2.765	2.289	2.052	2.278	2.05	2.339	2.922	2.972	2.302	2.626	2.716	2.381	1.643	1.955	2.296	2.503	2.341	2.393	2.071	2.584	2.117	2.747	2.602	2.718	3.828	2.146	3.124	2.40243
sub-035	2.698	2.021	2.601	1.706	3.617	2.747	2.545	2.765	2.191	1.964	2.658	2.051	2.33	3.003	2.707	2.35	2.93	2.726	2.449	1.538	1.93	2.285	2.629	2.355	2.613	2.308	2.678	2.143	2.879	2.64	2.773	3.826	2.439	3.021	2.4719
sub-036	2.636	2.377	2.518	1.77	3.723	2.77	2.47	2.807	2.399	2.045	2.675	1.856	2.382	3.049	2.573	2.39	2.723	2.816	2.525	1.574	2.011	2.403	2.478	2.35	2.669	2.351	2.663	2.125	2.917	2.656	2.592	4.323	2.033	3.2	2.47243
sub-042	2.726	2.316	2.431	1.859	3.622	2.759	2.438	2.84	2.248	2.212	2.631	2.206	2.22	2.903	2.836	2.458	2.75	2.791	2.59	1.597	2.096	2.385	2.636	2.436	2.637	2.114	2.56	2.248	3.066	2.537	2.315	3.982	2.264	3.251	2.49005
sub-039	2.581	2.192	2.593	1.809	3.303	2.744	2.524	2.861	2.598	2.227	2.741	2.03	2.182	2.955	2.693	2.42	2.616	2.667	2.471	1.478	2.093	2.469	2.501	2.486	2.585	2.169	2.654	2.172	2.86	2.656	2.512	3.908	2.59	3.188	2.49832
sub-037	2.571	2.333	2.483	1.824	3.41	2.635	2.507	2.659	2.376	2.12	2.813	2.004	2.41	2.845	2.579	2.335	2.643	2.682	2.486	1.373	1.972	2.395	2.692	2.484	2.64	2.216	2.668	2.259	2.939	2.605	2.765	3.863	1.99	3.023	2.46258
sub-043	2.848	2.388	2.613	1.981	3.891	2.888	2.448	2.84	2.576	2.021	2.667	2.051	2.49	3.059	2.746	2.395	2.738	2.664	2.68	1.522	1.878	2.376	2.51	2.431	2.5	2.377	2.77	2.078	2.804	2.648	3.038	4.095	2.407	3.21	2.49659
sub-045	2.735	2.549	2.466	1.927	3.583	2.871	2.436	2.662	2.375	2.208	2.777	1.988	2.479	2.955	2.606	2.367	2.875	2.942	2.72	1.556	2.082	2.465	2.578	2.352	2.799	2.439	2.756	2.084	2.768	2.569	3.406	3.695	2.704	3.233	2.52581
sub-040	2.537	2.106	2.296	1.72	3.466	2.593	2.477	2.732	2.206	2.055	2.619	1.971	2.302	2.908	2.705	2.312	2.488	2.749	2.48	1.589	2.078	2.181	2.486	2.245	2.55	2.261	2.616	2.119	2.791	2.553	2.652	4.05	2.69	2.998	2.41919
sub-046	2.976	2.23	2.737	1.906	3.857	2.927	2.6	2.888	2.43	2.317	2.589	1.954	2.288	3.286	3.094	2.664	2.847	2.588	2.58	1.848	2.293	2.558	2.72	2.577	2.88	2.347	2.729	2.122	2.997	2.9	2.768	4.137	2.357	3.352	2.61096
sub-047	2.824	2.39	2.275	1.947	3.217	2.938	2.538	2.87	2.214	2.125	2.517	2.269	1.992	3.008	2.689	2.329	2.634	2.566	2.242	1.828	2.155	2.235	2.547	2.407	2.468	2.194	2.434	1.943	2.972	2.576	2.57	4.034	2.732	2.942	2.45274
sub-049	2.699	2.351	2.344	1.951	2.424	2.575	2.504	2.613	2.465	2.124	2.557	2.107	2.203	2.822	2.456	2.269	2.577	2.421	2.255	1.678	2.184	2.333	2.589	2.374	2.03	2.124	2.521	2.163	2.852	2.683	2.498	3.645	2.576	3.115	2.43366
sub-044	2.733	2.556	2.717	1.814	3.471	2.897	2.627	3.098	2.306	2.425	2.705	2.041	2.372	2.994	2.915	2.401	2.641	2.682	2.475	1.675	2.118	2.564	2.707	2.424	3.044	2.421	2.849	2.341	3.002	2.773	2.947	4.077	2.565	3.331	2.62002
sub-048	2.514	2.212	2.341	1.856	3.817	2.642	2.393	2.738	2.33	2.202	2.535	2.024	2.307	2.759	2.819	2.339	2.524	2.276	2.495	1.625	2.092	2.327	2.38	2.319	2.534	2.168	2.513	2.15	2.849	2.605	2.772	3.886	2.483	3.194	2.40318
sub-055	2.745	2.281	2.417	1.817	3.454	2.773	2.498	2.735	2.393	2.044	2.492	2.013	2.367	2.913	2.784	2.442	2.687	2.527	2.502	1.607	2.21	2.399	2.386	2.358	2.791	2.225	2.566	2.185	2.9	2.697	2.983	4.065	2.285	3.224	2.46494
sub-057	2.832	2.441	2.535	2.057	3.426	2.786	2.567	2.81	2.425	2.301	2.61	2.13	2.344	2.99	2.779	2.455	2.831	2.384	2.519	1.885	2.077	2.475	2.561	2.488	2.433	2.325	2.673	2.317	2.996	2.666	3.009	3.907	2.844	3.23	2.55141
sub-056	2.697	1.982	2.485	1.949	3.818	2.908	2.49	2.815	2.366	2.114	2.522	1.966	2.008	2.967	2.696	2.523	2.452	2.887	2.604	1.708	2.048	2.367	2.627	2.421	2.977	2.275	2.541	2.141	2.862	2.66	2.698	4.055	2.543	2.94	2.49655
sub-058	2.424	2.331	2.475	1.773	3.886	2.758	2.463	2.659	2.207	2.186	2.532	2.003	2.388	2.733	2.214	2.267	2.68	2.417	2.326	1.716	2.361	2.265	2.06	2.294	2.857	2.224	2.58	2.092	2.795	2.499	2.664	3.94	2.417	3.045	2.4047
sub-072	2.454	2.296	2.395	1.71	3.431	2.574	2.479	2.567	2.082	1.989	2.505	1.823	2.264	2.733	2.456	2.4	2.43	2.705	2.286	1.371	1.976	2.41	2.428	2.52	2.517	2.241	2.729	2.116	2.704	2.62	2.542	3.589	1.993	2.976	2.38149
sub-059	2.726	2.421	2.629	1.798	3.549	3.006	2.581	2.825	2.557	2.151	2.877	2.144	2.167	3.079	2.768	2.491	2.606	2.824	2.597	1.416	2.106	2.413	2.758	2.441	2.72	2.26	2.648	2.202	2.989	2.66	2.515	4.085	2.231	3.285	2.53324
sub-060	2.867	2.51	2.628	1.796	3.418	2.925	2.529	3.044	2.429	2.242	2.672	2.069	2.143	3.085	2.813	2.358	2.723	2.842	2.424	1.638	2.022	2.443	2.437	2.514	2.989	2.32	2.637	2.233	3.042	2.618	2.922	4.235	2.614	2.979	2.5297
sub-061	2.696	2.297	2.666	1.878	3.02	2.809	2.648	2.918	2.388	2.017	2.721	2.051	2.312	3.061	3.118	2.283	2.735	2.509	2.689	1.554	2.104	2.394	2.719	2.549	2.492	2.239	2.711	2.385	2.857	2.711	3.219	3.907	2.494	3.168	2.55256
sub-066	2.542	2.399	2.396	1.701	3.07	2.822	2.339	2.818	2.352	2.182	2.659	2.182	2.292	2.715	2.759	2.315	2.69	2.93	2.425	1.435	1.96	2.456	2.354	2.245	2.638	2.228	2.479	1.922	2.887	2.473	2.625	3.593	2.328	3.186	2.39262
sub-062	2.583	2.23	2.456	1.725	3.294	2.665	2.513	2.94	2.141	2.226	2.559	2.097	2.038	2.852	2.718	2.43	2.687	2.496	2.254	1.583	2.014	2.435	2.567	2.35	2.678	2.093	2.689	2.116	3.033	2.675	2.343	4.21	2.375	3.371	2.4761
sub-063	2.795	2.231	2.622	1.694	3.731	2.91	2.639	2.926	2.423	2.132	2.913	2.047	2.257	3.069	2.595	2.238	2.652	2.877	2.496	1.467	1.838	2.357	2.576	2.365	2.542	2.264	2.726	2.299	2.831	2.635	2.649	4.165	2.386	3.333	2.49896
sub-068	2.639	2.547	2.643	1.714	3.415	2.799	2.669	2.986	2.435	2.251	2.482	2.038	2.418	3.012	2.712	2.566	2.783	2.718	2.486	1.613	2.125	2.49	2.598	2.406	2.683	2.085	2.547	2.22	2.856	2.691	2.918	3.932	2.607	3.154	2.50063
sub-067	2.679	2.237	2.441	1.86	3.148	2.816	2.5	3.017	2.444	2.204	2.834	2.145	2.418	2.995	2.697	2.47	2.641	3.136	2.619	1.514	2.011	2.581	2.565	2.498	2.788	2.243	2.609	2.159	3.028	2.737	2.752	4.196	2.275	3.033	2.53547
sub-069	2.649	2.28	2.458	1.954	4.141	3.002	2.662	2.876	2.4	2.429	2.784	2.161	2.317	2.904	2.913	2.652	2.758	2.749	2.549	1.584	2.157	2.491	2.766	2.553	2.466	2.285	2.751	2.42	3.035	2.765	2.729	4.175	2.172	3.229	2.60444
sub-070	2.808	2.597	2.713	1.804	4.048	2.728	2.679	2.942	2.409	2.191	2.513	2.199	2.252	3.074	2.905	2.524	2.705	2.545	2.479	1.79	2.154	2.5	2.507	2.383	2.727	2.296	2.717	2.214	2.852	2.66	2.913	3.999	2.864	3.13	2.54184
sub-071	2.596	2.362	2.508	1.71	3.529	2.753	2.323	2.722	2.286	2.073	2.559	1.966	2.154	2.74	2.86	2.408	2.573	2.301	2.423	1.433	1.751	2.3	2.619	2.404	2.901	2.193	2.569	2.018	2.663	2.554	2.887	3.964	2.4	3.106	2.38614
sub-065	2.649	2.246	2.66	2.079	2.485	2.844	2.641	2.698	2.312	2.276	2.57	1.995	2.256	3.02	2.574	2.279	2.743	2.565	2.433	1.604	1.906	2.508	2.477	2.42	2.514	2.244	2.622	2.181	2.798	2.64	2.504	4.157	2.0	2.957	2.46593
sub-073	2.744	2.386	2.479	1.733	3.998	2.831	2.602	3.052	2.342	2.302	2.841	1.976	2.586	3.131	3.216	2.188	2.642	3.115	2.646	1.655	1.929	2.317	2.548	2.406	2.659	2.312	2.584	2.105	3.03	2.683	2.61	4.045	2.582	3.395	2.54563
sub-074	2.724	2.334	2.587	2.115	3.473	2.83	2.652	2.725	2.372	2.283	2.884	2.192	2.445	3.053	3.133	2.55	2.785	3.131	2.8	1.585	2.279	2.297	2.592	2.7	2.769	2.412	2.778	2.336	3.152	2.691	2.646	4.335	2.925	3.429	2.61651
sub-075	2.895	2.211	2.545	2.013	3.447	2.823	2.605	2.856	2.309	2.171	2.726	2.128	2.67	2.955	2.87	2.363	2.54	2.934	2.639	1.464	2.169	2.523	2.617	2.647	2.646	2.394	2.82	2.364	2.967	2.941	2.957	4.23	2.614	3.297	2.59332
sub-076	2.73	2.077	2.332	1.923	3.199	2.732	2.422	2.753	2.389	2.163	2.712	2.109	2.307	2.918	2.482	2.011	2.59	2.496	2.446	1.782	2.474	2.418	2.002	2.409	2.469	2.199	2.484	2.124	2.883	2.547	2.77	3.851	2.438	2.938	2.42831
sub-077	2.531	2.338	2.583	1.84	3.881	2.801	2.475	2.833	2.162	2.153	2.96	1.964	2.448	3.065	2.565	2.31	2.713	3.08	2.729	1.636	1.994	2.44	2.514	2.354	2.447	2.393	2.74	2.112	2.852	2.675	2.773	4.145	2.303	3.297	2.52348
sub-079	2.741	2.421	2.439	1.921	3.639	2.899	2.501	2.801	2.248	2.128	2.473	2.095	2.194	3.168	2.718	2.183	2.555	2.614	2.644	1.714	1.984	2.499	2.403	2.306	2.439	2.126	2.492	2.057	2.696	2.509	2.437	4.054	2.695	3.149	2.41848
sub-080	2.652	2.541	2.531	1.809	3.51	2.862	2.522	2.821	2.372	2.255	2.908	2.214	2.36	3.006	2.489	2.129	2.634	2.842	2.386	1.726	2.442	2.336	2.016	2.407	2.455	2.404	2.477	2.115	2.986	2.696	2.835	3.947	2.606	3.144	2.49832
sub-084	2.592	2.11	2.503	1.819	3.17	2.62	2.515	2.779	2.227	1.982	2.661	2.11	2.293	2.973	2.907	2.295	2.657	2.567	2.349	1.655	2.056	2.154	2.378	2.408	2.528	2.178	2.504	2.03	2.75	2.612	2.678	3.96	2.633	3.137	2.39531
sub-085	2.827	2.252	2.442	1.831	3.41	2.78	2.468	2.784	2.052	2.119	2.673	2.158	2.163	3.036	2.689	2.253	2.855	2.656	2.553	1.662	2.027	2.236	2.561	2.469	2.739	2.24	2.642	2.233	2.989	2.472	2.481	4.342	2.366	3.196	2.47496
sub-087	2.448	2.641	2.382	1.797	3.56	2.784	2.514	2.772	2.228	2.233	2.665	2.034	2.443	2.89	2.612	2.22	2.717	2.781	2.403	1.427	1.894	2.29	2.518	2.414	2.841	2.262	2.608	2.124	2.865	2.407	2.82	4.045	2.131	3.092	2.44545
sub-089	2.603	2.356	2.358	1.888	3.697	2.661	2.557	2.745	2.562	2.111	2.658	2.128	2.246	2.947	2.403	2.584	2.62	2.687	2.52	1.654	2.077	2.518	2.608	2.517	2.509	2.295	2.677	2.317	2.94	2.695	2.669	4.242	2.488	3.072	2.5104
sub-091	2.794	2.039	2.581	1.87	3.631	2.941	2.616	3.074	2.201	2.347	2.633	2.169	2.004	3.251	2.716	2.542	2.702	2.911	2.637	1.684	2.237	2.465	2.583	2.63	2.461	1.933	2.463	2.306	3.2	2.812	2.684	4.238	2.513	3.138	2.56013
